0	1	1	
0.0314159	1	0.999014	
0.0628319	0.999013	0.997044	
0.0942478	0.997039	0.994093	
0.125664	0.994079	0.990164	
0.15708	0.990135	0.985264	
0.188496	0.98521	0.979396	
0.219911	0.979308	0.972569	
0.251327	0.972433	0.964789	
0.282743	0.964592	0.956066	
0.314159	0.955791	0.946409	
0.345575	0.946038	0.935828	
0.376991	0.935342	0.924335	
0.408407	0.923712	0.911942	
0.439823	0.911159	0.898662	
0.471239	0.897694	0.884509	
0.502655	0.88333	0.869497	
0.534071	0.86808	0.853643	
0.565487	0.851958	0.836964	
0.596903	0.834979	0.819475	
0.628319	0.81716	0.801196	
0.659734	0.798516	0.782144	
0.69115	0.779066	0.762341	
0.722566	0.758828	0.741805	
0.753982	0.737821	0.720558	
0.785398	0.716065	0.698621	
0.816814	0.693581	0.676018	
0.84823	0.67039	0.65277	
0.879646	0.646514	0.628901	
0.911062	0.621977	0.604436	
0.942478	0.596802	0.579399	
0.973894	0.571013	0.553815	
1.00531	0.544635	0.527711	
1.03673	0.517693	0.501112	
1.06814	0.490214	0.474045	
1.09956	0.462224	0.446537	
1.13097	0.43375	0.418616	
1.16239	0.404819	0.39031	
1.19381	0.375461	0.361647	
1.22522	0.345703	0.332656	
1.25664	0.315575	0.303365	
1.28805	0.285105	0.273804	
1.31947	0.254324	0.244003	
1.35088	0.223262	0.21399	
1.3823	0.191949	0.183795	
1.41372	0.160415	0.15345	
1.44513	0.128692	0.122982	
1.47655	0.0968101	0.092424	
1.50796	0.0648015	0.0618046	
1.53938	0.0326974	0.0311545	
1.5708	0.000529361	0.000503884	
1.60221	-0.031671	-0.030117	
1.63363	-0.0638718	-0.060678	
1.66504	-0.0960414	-0.0911491	
1.69646	-0.128148	-0.1215	
1.72788	-0.16016	-0.151702	
1.75929	-0.192045	-0.181724	
1.79071	-0.223772	-0.211537	
1.82212	-0.25531	-0.241112	
1.85354	-0.286627	-0.270421	
1.88496	-0.317692	-0.299434	
1.91637	-0.348474	-0.328123	
1.94779	-0.378942	-0.35646	
1.9792	-0.409066	-0.384418	
2.01062	-0.438817	-0.411969	
2.04204	-0.468164	-0.439087	
2.07345	-0.497077	-0.465745	
2.10487	-0.525529	-0.491918	
2.13628	-0.55349	-0.51758	
2.1677	-0.580932	-0.542706	
2.19911	-0.607828	-0.567272	
2.23053	-0.634151	-0.591255	
2.26195	-0.659874	-0.614631	
2.29336	-0.684971	-0.637378	
2.32478	-0.709416	-0.659475	
2.35619	-0.733186	-0.680899	
2.38761	-0.756255	-0.701631	
2.41903	-0.778601	-0.72165	
2.45044	-0.8002	-0.740938	
2.48186	-0.821031	-0.759477	
2.51327	-0.841073	-0.777248	
2.54469	-0.860303	-0.794236	
2.57611	-0.878704	-0.810424	
2.60752	-0.896256	-0.825797	
2.63894	-0.91294	-0.84034	
2.67035	-0.92874	-0.854041	
2.70177	-0.943639	-0.866886	
2.73319	-0.957621	-0.878863	
2.7646	-0.970672	-0.889962	
2.79602	-0.982778	-0.900173	
2.82743	-0.993926	-0.909486	
2.85885	-1.0041	-0.917893	
2.89027	-1.0133	-0.925387	
2.92168	-1.02151	-0.931961	
2.9531	-1.02871	-0.93761	
2.98451	-1.03491	-0.942328	
3.01593	-1.04009	-0.946113	
3.04734	-1.04425	-0.948961	
3.07876	-1.04739	-0.950871	
3.11018	-1.04949	-0.951842	
3.14159	-1.05056	-0.951872	
3.17301	-1.05059	-0.950965	
3.20442	-1.04959	-0.94912	
3.23584	-1.04755	-0.946342	
3.26726	-1.04448	-0.942633	
3.29867	-1.04037	-0.937999	
3.33009	-1.03523	-0.932444	
3.3615	-1.02906	-0.925975	
3.39292	-1.02187	-0.9186	
3.42434	-1.01367	-0.910326	
3.45575	-1.00445	-0.901163	
3.48717	-0.994239	-0.89112	
3.51858	-0.983034	-0.880209	
3.55	-0.970848	-0.86844	
3.58142	-0.957692	-0.855827	
3.61283	-0.943577	-0.842382	
3.64425	-0.928518	-0.82812	
3.67566	-0.912527	-0.813056	
3.70708	-0.895619	-0.797205	
3.7385	-0.877811	-0.780583	
3.76991	-0.859119	-0.763208	
3.80133	-0.839561	-0.745098	
3.83274	-0.819155	-0.726271	
3.86416	-0.79792	-0.706746	
3.89557	-0.775876	-0.686544	
3.92699	-0.753046	-0.665685	
3.95841	-0.729449	-0.64419	
3.98982	-0.705109	-0.622081	
4.02124	-0.680049	-0.599381	
4.05265	-0.654294	-0.576111	
4.08407	-0.627867	-0.552297	
4.11549	-0.600794	-0.527962	
4.1469	-0.573102	-0.50313	
4.17832	-0.544817	-0.477827	
4.20973	-0.515966	-0.452077	
4.24115	-0.486577	-0.425907	
4.27257	-0.456679	-0.399343	
4.30398	-0.426301	-0.372411	
4.3354	-0.395472	-0.345139	
4.36681	-0.364223	-0.317553	
4.39823	-0.332583	-0.289682	
4.42965	-0.300584	-0.261552	
4.46106	-0.268256	-0.233192	
4.49248	-0.235632	-0.20463	
4.52389	-0.202743	-0.175895	
4.55531	-0.169621	-0.147014	
4.58673	-0.136299	-0.118017	
4.61814	-0.10281	-0.0889323	
4.64956	-0.0691868	-0.0597884	
4.68097	-0.0354617	-0.0306144	
4.71239	-0.00166838	-0.0014389	
4.7438	0.03216	0.0277092	
4.77522	0.06599	0.0568013	
4.80664	0.0997882	0.0858087	
4.83805	0.133521	0.114703	
4.86947	0.167156	0.143455	
4.90088	0.200659	0.172038	
4.9323	0.233997	0.200423	
4.96372	0.267137	0.228583	
4.99513	0.300046	0.256489	
5.02655	0.332691	0.284115	
5.05796	0.36504	0.311433	
5.08938	0.397061	0.338417	
5.1208	0.428721	0.365042	
5.15221	0.45999	0.39128	
5.18363	0.490835	0.417106	
5.21504	0.521227	0.442496	
5.24646	0.551134	0.467424	
5.27788	0.580526	0.491867	
5.30929	0.609375	0.5158	
5.34071	0.637651	0.539202	
5.37212	0.665325	0.562049	
5.40354	0.69237	0.584319	
5.43496	0.718758	0.605991	
5.46637	0.744463	0.627044	
5.49779	0.769459	0.647458	
5.5292	0.793719	0.667214	
5.56062	0.817221	0.686292	
5.59203	0.839939	0.704675	
5.62345	0.86185	0.722345	
5.65487	0.882933	0.739285	
5.68628	0.903165	0.75548	
5.7177	0.922525	0.770914	
5.74911	0.940994	0.785572	
5.78053	0.958553	0.799441	
5.81195	0.975182	0.812509	
5.84336	0.990866	0.824762	
5.87478	1.00559	0.836191	
5.90619	1.01933	0.846783	
5.93761	1.03208	0.85653	
5.96903	1.04383	0.865423	
6.00044	1.05455	0.873454	
6.03186	1.06425	0.880616	
6.06327	1.0729	0.886902	
6.09469	1.08051	0.892308	
6.12611	1.08705	0.896829	
6.15752	1.09253	0.900461	
6.18894	1.09694	0.903201	
6.22035	1.10027	0.905048	
6.25177	1.10251	0.906001	
6.28319	1.10367	0.90606	
6.3146	1.10375	0.905226	
6.34602	1.10273	0.903499	
6.37743	1.10062	0.900884	
6.40885	1.09743	0.897383	
6.44026	1.09314	0.893	
6.47168	1.08778	0.887741	
6.5031	1.08134	0.881613	
6.53451	1.07382	0.874621	
6.56593	1.06523	0.866773	
6.59734	1.05559	0.858079	
6.62876	1.04489	0.848547	
6.66018	1.03316	0.838188	
6.69159	1.02039	0.827013	
6.72301	1.0066	0.815033	
6.75442	0.991805	0.802261	
6.78584	0.976016	0.788711	
6.81726	0.959248	0.774397	
6.84867	0.941517	0.759333	
6.88009	0.922839	0.743536	
6.9115	0.903232	0.727021	
6.94292	0.882714	0.709805	
6.97434	0.861304	0.691907	
7.00575	0.839024	0.673343	
7.03717	0.815893	0.654135	
7.06858	0.791934	0.6343	
7.1	0.767171	0.613859	
7.13142	0.741625	0.592834	
7.16283	0.715322	0.571244	
7.19425	0.688287	0.549113	
7.22566	0.660547	0.526462	
7.25708	0.632127	0.503314	
7.28849	0.603055	0.479693	
7.31991	0.573359	0.455622	
7.35133	0.543068	0.431126	
7.38274	0.512211	0.406228	
7.41416	0.480818	0.380955	
7.44557	0.44892	0.355331	
7.47699	0.416547	0.329382	
7.50841	0.383731	0.303134	
7.53982	0.350504	0.276612	
7.57124	0.316898	0.249844	
7.60265	0.282946	0.222857	
7.63407	0.248681	0.195676	
7.66549	0.214137	0.168329	
7.6969	0.179348	0.140843	
7.72832	0.144348	0.113245	
7.75973	0.10917	0.0855624	
7.79115	0.0738498	0.0578231	
7.82257	0.0384219	0.030054	
7.85398	0.00292121	0.00228275	
7.8854	-0.0326174	-0.0254634	
7.91681	-0.068159	-0.0531571	
7.94823	-0.103668	-0.0807711	
7.97965	-0.13911	-0.108278	
8.01106	-0.17445	-0.135651	
8.04248	-0.209653	-0.162864	
8.07389	-0.244683	-0.189889	
8.10531	-0.279506	-0.2167	
8.13672	-0.314088	-0.243271	
8.16814	-0.348394	-0.269576	
8.19956	-0.38239	-0.29559	
8.23097	-0.416042	-0.321286	
8.26239	-0.449317	-0.34664	
8.2938	-0.482181	-0.371627	
8.32522	-0.514602	-0.396223	
8.35664	-0.546547	-0.420405	
8.38805	-0.577984	-0.444148	
8.41947	-0.608881	-0.467429	
8.45088	-0.639208	-0.490227	
8.4823	-0.668934	-0.512519	
8.51372	-0.698029	-0.534284	
8.54513	-0.726464	-0.5555	
8.57655	-0.754211	-0.576148	
8.60796	-0.78124	-0.596207	
8.63938	-0.807524	-0.615659	
8.6708	-0.833038	-0.634484	
8.70221	-0.857755	-0.652666	
8.73363	-0.881649	-0.670185	
8.76504	-0.904697	-0.687027	
8.79646	-0.926875	-0.703175	
8.82788	-0.94816	-0.718614	
8.85929	-0.96853	-0.733328	
8.89071	-0.987964	-0.747306	
8.92212	-1.00644	-0.760532	
8.95354	-1.02395	-0.772996	
8.98495	-1.04046	-0.784685	
9.01637	-1.05596	-0.795589	
9.04779	-1.07043	-0.805698	
9.0792	-1.08386	-0.815003	
9.11062	-1.09623	-0.823494	
9.14203	-1.10754	-0.831166	
9.17345	-1.11776	-0.83801	
9.20487	-1.12689	-0.844021	
9.23628	-1.13491	-0.849194	
9.2677	-1.14183	-0.853525	
9.29911	-1.14762	-0.85701	
9.33053	-1.15229	-0.859647	
9.36195	-1.15582	-0.861433	
9.39336	-1.15822	-0.862368	
9.42478	-1.15947	-0.862452	
9.45619	-1.15959	-0.861685	
9.48761	-1.15856	-0.86007	
9.51903	-1.15638	-0.857608	
9.55044	-1.15306	-0.854303	
9.58186	-1.1486	-0.850159	
9.61327	-1.143	-0.845181	
9.64469	-1.13627	-0.839375	
9.67611	-1.12841	-0.832746	
9.70752	-1.11943	-0.825303	
9.73894	-1.10933	-0.817054	
9.77035	-1.09813	-0.808007	
9.80177	-1.08583	-0.798172	
9.83319	-1.07246	-0.78756	
9.8646	-1.058	-0.776182	
9.89602	-1.0425	-0.76405	
9.92743	-1.02594	-0.751177	
9.95885	-1.00836	-0.737575	
9.99026	-0.989765	-0.72326	
10.0217	-0.970175	-0.708246	
10.0531	-0.949608	-0.692548	
10.0845	-0.928083	-0.676183	
10.1159	-0.905621	-0.659167	
10.1473	-0.882244	-0.641518	
10.1788	-0.857972	-0.623254	
10.2102	-0.83283	-0.604394	
10.2416	-0.806841	-0.584956	
10.273	-0.78003	-0.56496	
10.3044	-0.752423	-0.544427	
10.3358	-0.724045	-0.523378	
10.3673	-0.694926	-0.501833	
10.3987	-0.665091	-0.479815	
10.4301	-0.634571	-0.457346	
10.4615	-0.603394	-0.434447	
10.4929	-0.571591	-0.411143	
10.5243	-0.539193	-0.387457	
10.5558	-0.50623	-0.363412	
10.5872	-0.472735	-0.339032	
10.6186	-0.438741	-0.314342	
10.65	-0.40428	-0.289366	
10.6814	-0.369386	-0.26413	
10.7128	-0.334093	-0.238658	
10.7442	-0.298435	-0.212976	
10.7757	-0.262448	-0.187109	
10.8071	-0.226166	-0.161083	
10.8385	-0.189625	-0.134924	
10.8699	-0.152861	-0.108658	
10.9013	-0.11591	-0.0823109	
10.9327	-0.0788074	-0.0559083	
10.9642	-0.0415908	-0.0294767	
10.9956	-0.00429647	-0.00304204	
11.027	0.0330389	0.0233695	
11.0584	0.0703785	0.049732	
11.0898	0.107686	0.0760195	
11.1212	0.144923	0.102206	
11.1527	0.182054	0.128266	
11.1841	0.219043	0.154174	
11.2155	0.255851	0.179904	
11.2469	0.292444	0.205432	
11.2783	0.328783	0.230732	
11.3097	0.364835	0.255779	
11.3411	0.400561	0.280549	
11.3726	0.435928	0.305019	
11.404	0.470899	0.329163	
11.4354	0.50544	0.35296	
11.4668	0.539517	0.376384	
11.4982	0.573094	0.399415	
11.5296	0.606139	0.422029	
11.5611	0.638618	0.444204	
11.5925	0.6705	0.46592	
11.6239	0.70175	0.487155	
11.6553	0.732339	0.507889	
11.6867	0.762236	0.528101	
11.7181	0.79141	0.547773	
11.7496	0.819831	0.566885	
11.781	0.847471	0.58542	
11.8124	0.874302	0.603359	
11.8438	0.900297	0.620685	
11.8752	0.925429	0.637383	
11.9066	0.949672	0.653435	
11.9381	0.973002	0.668828	
11.9695	0.995395	0.683545	
12.0009	1.01683	0.697575	
12.0323	1.03728	0.710902	
12.0637	1.05672	0.723516	
12.0951	1.07515	0.735403	
12.1265	1.09253	0.746554	
12.158	1.10884	0.756958	
12.1894	1.12408	0.766605	
12.2208	1.13823	0.775487	
12.2522	1.15127	0.783596	
12.2836	1.16318	0.790924	
12.315	1.17396	0.797464	
12.3465	1.18359	0.803212	
12.3779	1.19206	0.808163	
12.4093	1.19936	0.812312	
12.4407	1.20548	0.815655	
12.4721	1.21042	0.818191	
12.5035	1.21418	0.819918	
12.535	1.21673	0.820835	
12.5664	1.21809	0.820942	
12.5978	1.21825	0.820239	
12.6292	1.21721	0.818728	
12.6606	1.21496	0.816411	
12.692	1.21151	0.813291	
12.7235	1.20687	0.809373	
12.7549	1.20102	0.804661	
12.7863	1.19399	0.799159	
12.8177	1.18577	0.792876	
12.8491	1.17637	0.785816	
12.8805	1.1658	0.777989	
12.9119	1.15408	0.769403	
12.9434	1.1412	0.760066	
12.9748	1.12718	0.749989	
13.0062	1.11203	0.739183	
13.0376	1.09578	0.727658	
13.069	1.07842	0.715427	
13.1004	1.05998	0.702503	
13.1319	1.04048	0.688899	
13.1633	1.01994	0.674629	
13.1947	0.998363	0.659708	
13.2261	0.975783	0.644152	
13.2575	0.952217	0.627975	
13.2889	0.927688	0.611196	
13.3204	0.90222	0.59383	
13.3518	0.875835	0.575896	
13.3832	0.848561	0.557412	
13.4146	0.820422	0.538396	
13.446	0.791445	0.518868	
13.4774	0.761659	0.498848	
13.5088	0.731091	0.478356	
13.5403	0.699772	0.457412	
13.5717	0.667732	0.436038	
13.6031	0.635	0.414255	
13.6345	0.60161	0.392085	
13.6659	0.567593	0.369551	
13.6973	0.532982	0.346674	
13.7288	0.497811	0.323478	
13.7602	0.462114	0.299986	
13.7916	0.425925	0.276221	
13.823	0.389281	0.252208	
13.8544	0.352216	0.227969	
13.8858	0.314767	0.20353	
13.9173	0.27697	0.178913	
13.9487	0.238863	0.154145	
13.9801	0.200482	0.12925	
14.0115	0.161866	0.104251	
14.0429	0.123051	0.0791741	
14.0743	0.0840774	0.0540439	
14.1058	0.0449818	0.0288853	
14.1372	0.00580332	0.00372295	
14.1686	-0.0334196	-0.0214182	
14.2	-0.0726482	-0.0465135	
14.2314	-0.111844	-0.0715382	
14.2628	-0.150968	-0.0964676	
14.2942	-0.189981	-0.121277	
14.3257	-0.228846	-0.145943	
14.3571	-0.267523	-0.170441	
14.3885	-0.305974	-0.194746	
14.4199	-0.344161	-0.218835	
14.4513	-0.382046	-0.242685	
14.4827	-0.419592	-0.266272	
14.5142	-0.45676	-0.289573	
14.5456	-0.493515	-0.312566	
14.577	-0.529818	-0.335228	
14.6084	-0.565635	-0.357537	
14.6398	-0.600928	-0.379471	
14.6712	-0.635663	-0.40101	
14.7027	-0.669806	-0.422132	
14.7341	-0.70332	-0.442817	
14.7655	-0.736174	-0.463045	
14.7969	-0.768334	-0.482796	
14.8283	-0.799767	-0.502052	
14.8597	-0.830441	-0.520794	
14.8911	-0.860327	-0.539004	
14.9226	-0.889392	-0.556665	
14.954	-0.917609	-0.573759	
14.9854	-0.944948	-0.590271	
15.0168	-0.971381	-0.606185	
15.0482	-0.996882	-0.621485	
15.0796	-1.02142	-0.636157	
15.1111	-1.04498	-0.650187	
15.1425	-1.06753	-0.663563	
15.1739	-1.08905	-0.676271	
15.2053	-1.10951	-0.6883	
15.2367	-1.1289	-0.699638	
15.2681	-1.1472	-0.710276	
15.2996	-1.16438	-0.720202	
15.331	-1.18043	-0.729409	
15.3624	-1.19533	-0.737887	
15.3938	-1.20906	-0.745629	
15.4252	-1.22162	-0.752629	
15.4566	-1.23298	-0.75888	
15.4881	-1.24313	-0.764376	
15.5195	-1.25207	-0.769113	
15.5509	-1.25978	-0.773087	
15.5823	-1.26626	-0.776295	
15.6137	-1.27149	-0.778734	
15.6451	-1.27548	-0.780404	
15.6765	-1.2782	-0.781302	
15.708	-1.27967	-0.781428	
15.7394	-1.27988	-0.780785	
15.7708	-1.27883	-0.779372	
15.8022	-1.27651	-0.777191	
15.8336	-1.27293	-0.774247	
15.865	-1.26809	-0.770543	
15.8965	-1.26199	-0.766082	
15.9279	-1.25464	-0.76087	
15.9593	-1.24605	-0.754913	
15.9907	-1.23621	-0.748218	
16.0221	-1.22515	-0.740791	
16.0535	-1.21287	-0.732642	
16.085	-1.19938	-0.723778	
16.1164	-1.18469	-0.714209	
16.1478	-1.16882	-0.703946	
16.1792	-1.15178	-0.692998	
16.2106	-1.13358	-0.681378	
16.242	-1.11425	-0.669098	
16.2734	-1.0938	-0.65617	
16.3049	-1.07225	-0.642608	
16.3363	-1.04962	-0.628425	
16.3677	-1.02593	-0.613637	
16.3991	-1.00121	-0.598259	
16.4305	-0.975472	-0.582306	
16.4619	-0.948747	-0.565794	
16.4934	-0.921059	-0.548741	
16.5248	-0.892436	-0.531163	
16.5562	-0.862903	-0.513079	
16.5876	-0.832489	-0.494507	
16.619	-0.801224	-0.475466	
16.6504	-0.769137	-0.455975	
16.6819	-0.736259	-0.436053	
16.7133	-0.702622	-0.415722	
16.7447	-0.668259	-0.395	
16.7761	-0.633202	-0.373909	
16.8075	-0.597486	-0.35247	
16.8389	-0.561144	-0.330705	
16.8704	-0.524213	-0.308636	
16.9018	-0.486728	-0.286284	
16.9332	-0.448726	-0.263671	
16.9646	-0.410243	-0.240821	
16.996	-0.371318	-0.217756	
17.0274	-0.331987	-0.194499	
17.0588	-0.29229	-0.171073	
17.0903	-0.252265	-0.147502	
17.1217	-0.211952	-0.123808	
17.1531	-0.17139	-0.100016	
17.1845	-0.130619	-0.0761484	
17.2159	-0.0896787	-0.0522294	
17.2473	-0.0486094	-0.0282825	
17.2788	-0.00745156	-0.00433128	
17.3102	0.0337542	0.0196006	
17.3416	0.0749674	0.0434895	
17.373	0.116147	0.067312	
17.4044	0.157253	0.0910447	
17.4358	0.198244	0.114664	
17.4673	0.23908	0.138147	
17.4987	0.279721	0.161471	
17.5301	0.320125	0.184613	
17.5615	0.360253	0.207549	
17.5929	0.400066	0.230259	
17.6243	0.439523	0.252719	
17.6558	0.478585	0.274908	
17.6872	0.517213	0.296803	
17.7186	0.555369	0.318385	
17.75	0.593014	0.339631	
17.7814	0.630111	0.360522	
17.8128	0.666623	0.381036	
17.8442	0.702513	0.401155	
17.8757	0.737745	0.420858	
17.9071	0.772284	0.440127	
17.9385	0.806095	0.458942	
17.9699	0.839143	0.477287	
18.0013	0.871396	0.495143	
18.0327	0.902821	0.512494	
18.0642	0.933385	0.529321	
18.0956	0.963059	0.545611	
18.127	0.991811	0.561346	
18.1584	1.01961	0.576512	
18.1898	1.04644	0.591095	
18.2212	1.07225	0.605081	
18.2527	1.09704	0.618456	
18.2841	1.12076	0.631209	
18.3155	1.14341	0.643326	
18.3469	1.16494	0.654797	
18.3783	1.18535	0.665612	
18.4097	1.20461	0.675759	
18.4411	1.2227	0.68523	
18.4726	1.2396	0.694016	
18.504	1.25529	0.702109	
18.5354	1.26976	0.709502	
18.5668	1.28299	0.716188	
18.5982	1.29497	0.722161	
18.6296	1.30568	0.727416	
18.6611	1.31511	0.731949	
18.6925	1.32326	0.735756	
18.7239	1.3301	0.738833	
18.7553	1.33564	0.74118	
18.7867	1.33987	0.742792	
18.8181	1.34278	0.743671	
18.8496	1.34437	0.743816	
18.881	1.34463	0.743227	
18.9124	1.34356	0.741907	
18.9438	1.34117	0.739855	
18.9752	1.33745	0.737077	
19.0066	1.33241	0.733574	
19.0381	1.32605	0.729352	
19.0695	1.31837	0.724414	
19.1009	1.30939	0.718767	
19.1323	1.2991	0.712417	
19.1637	1.28752	0.705371	
19.1951	1.27466	0.697637	
19.2265	1.26053	0.689222	
19.258	1.24514	0.680136	
19.2894	1.2285	0.670388	
19.3208	1.21064	0.659989	
19.3522	1.19156	0.648949	
19.3836	1.17129	0.63728	
19.415	1.14985	0.624995	
19.4465	1.12724	0.612105	
19.4779	1.10351	0.598625	
19.5093	1.07866	0.584567	
19.5407	1.05272	0.569947	
19.5721	1.02571	0.55478	
19.6035	0.997672	0.53908	
19.635	0.968617	0.522865	
19.6664	0.938577	0.50615	
19.6978	0.907582	0.488952	
19.7292	0.87566	0.471289	
19.7606	0.842842	0.453179	
19.792	0.80916	0.43464	
19.8234	0.774646	0.415691	
19.8549	0.739334	0.39635	
19.8863	0.703257	0.376638	
19.9177	0.66645	0.356574	
19.9491	0.62895	0.336178	
19.9805	0.590791	0.315471	
20.0119	0.552012	0.294473	
20.0434	0.51265	0.273205	
20.0748	0.472743	0.251689	
20.1062	0.432329	0.229946	
20.1376	0.39145	0.207998	
20.169	0.350143	0.185866	
20.2004	0.308451	0.163573	
20.2319	0.266412	0.141141	
20.2633	0.22407	0.118591	
20.2947	0.181464	0.095947	
20.3261	0.138637	0.0732306	
20.3575	0.0956314	0.0504643	
20.3889	0.0524887	0.0276708	
20.4204	0.00925162	0.00487242	
20.4518	-0.0340373	-0.0179083	
20.4832	-0.0773353	-0.0406488	
20.5146	-0.1206	-0.0633269	
20.546	-0.163788	-0.0859202	
20.5774	-0.206857	-0.108406	
20.6088	-0.249764	-0.130764	
20.6403	-0.292468	-0.15297	
20.6717	-0.334924	-0.175003	
20.7031	-0.377093	-0.196843	
20.7345	-0.41893	-0.218466	
20.7659	-0.460396	-0.239853	
20.7973	-0.501447	-0.260982	
20.8288	-0.542045	-0.281834	
20.8602	-0.582148	-0.302386	
20.8916	-0.621715	-0.322621	
20.923	-0.660708	-0.342517	
20.9544	-0.699088	-0.362056	
20.9858	-0.736815	-0.381218	
21.0173	-0.773853	-0.399986	
21.0487	-0.810163	-0.418341	
21.0801	-0.845709	-0.436266	
21.1115	-0.880456	-0.453742	
21.1429	-0.914368	-0.470754	
21.1743	-0.947411	-0.487285	
21.2058	-0.979552	-0.50332	
21.2372	-1.01076	-0.518842	
21.2686	-1.041	-0.533837	
21.3	-1.07024	-0.548292	
21.3314	-1.09845	-0.562191	
21.3628	-1.12561	-0.575522	
21.3942	-1.15168	-0.588273	
21.4257	-1.17665	-0.600431	
21.4571	-1.20047	-0.611985	
21.4885	-1.22314	-0.622925	
21.5199	-1.24462	-0.633239	
21.5513	-1.26489	-0.642919	
21.5827	-1.28393	-0.651955	
21.6142	-1.30173	-0.66034	
21.6456	-1.31826	-0.668065	
21.677	-1.3335	-0.675124	
21.7084	-1.34744	-0.68151	
21.7398	-1.36007	-0.687218	
21.7712	-1.37137	-0.692243	
21.8027	-1.38132	-0.69658	
21.8341	-1.38992	-0.700227	
21.8655	-1.39716	-0.703179	
21.8969	-1.40303	-0.705435	
21.9283	-1.40751	-0.706993	
21.9597	-1.41062	-0.707853	
21.9911	-1.41233	-0.708014	
22.0226	-1.41265	-0.707476	
22.054	-1.41158	-0.706242	
22.0854	-1.40911	-0.704312	
22.1168	-1.40525	-0.70169	
22.1482	-1.4	-0.698379	
22.1796	-1.39336	-0.694382	
22.2111	-1.38534	-0.689705	
22.2425	-1.37594	-0.684352	
22.2739	-1.36518	-0.678329	
22.3053	-1.35306	-0.671644	
22.3367	-1.33959	-0.664303	
22.3681	-1.32479	-0.656315	
22.3996	-1.30867	-0.647687	
22.431	-1.29123	-0.638429	
22.4624	-1.27251	-0.62855	
22.4938	-1.25251	-0.618062	
22.5252	-1.23125	-0.606975	
22.5566	-1.20876	-0.5953	
22.5881	-1.18506	-0.583049	
22.6195	-1.16016	-0.570236	
22.6509	-1.13409	-0.556873	
22.6823	-1.10688	-0.542975	
22.7137	-1.07854	-0.528554	
22.7451	-1.04912	-0.513627	
22.7765	-1.01863	-0.498208	
22.808	-0.987102	-0.482313	
22.8394	-0.954571	-0.465958	
22.8708	-0.921066	-0.44916	
22.9022	-0.886619	-0.431936	
22.9336	-0.851263	-0.414302	
22.965	-0.815032	-0.396278	
22.9965	-0.777961	-0.37788	
23.0279	-0.740085	-0.359128	
23.0593	-0.701441	-0.340041	
23.0907	-0.662067	-0.320637	
23.1221	-0.622001	-0.300936	
23.1535	-0.581281	-0.280958	
23.185	-0.539948	-0.260722	
23.2164	-0.49804	-0.240249	
23.2478	-0.4556	-0.21956	
23.2792	-0.412668	-0.198674	
23.3106	-0.369287	-0.177614	
23.342	-0.325498	-0.156398	
23.3734	-0.281345	-0.13505	
23.4049	-0.23687	-0.113589	
23.4363	-0.192118	-0.092038	
23.4677	-0.147132	-0.0704171	
23.4991	-0.101957	-0.0487481	
23.5305	-0.056636	-0.0270524	
23.5619	-0.0112147	-0.00535144	
23.5934	0.0342626	0.0163334	
23.6248	0.079751	0.0379808	
23.6562	0.125205	0.0595694	
23.6876	0.170581	0.0810779	
23.719	0.215834	0.102485	
23.7504	0.260917	0.123771	
23.7819	0.305788	0.144913	
23.8133	0.350402	0.165891	
23.8447	0.394713	0.186686	
23.8761	0.438679	0.207275	
23.9075	0.482255	0.22764	
23.9389	0.525398	0.247761	
23.9704	0.568065	0.267617	
24.0018	0.610214	0.28719	
24.0332	0.651802	0.30646	
24.0646	0.692788	0.32541	
24.096	0.73313	0.344019	
24.1274	0.772789	0.362272	
24.1588	0.811724	0.380149	
24.1903	0.849897	0.397633	
24.2217	0.887268	0.414708	
24.2531	0.9238	0.431358	
24.2845	0.959457	0.447566	
24.3159	0.994202	0.463316	
24.3473	1.028	0.478594	
24.3788	1.06082	0.493386	
24.4102	1.09262	0.507676	
24.4416	1.12337	0.521451	
24.473	1.15305	0.534699	
24.5044	1.18162	0.547407	
24.5358	1.20905	0.559562	
24.5673	1.23531	0.571153	
24.5987	1.26038	0.58217	
24.6301	1.28424	0.592602	
24.6615	1.30684	0.60244	
24.6929	1.32818	0.611674	
24.7243	1.34823	0.620295	
24.7558	1.36697	0.628297	
24.7872	1.38438	0.635671	
24.8186	1.40044	0.642411	
24.85	1.41513	0.648511	
24.8814	1.42845	0.653965	
24.9128	1.44036	0.65877	
24.9442	1.45086	0.66292	
24.9757	1.45995	0.666412	
25.0071	1.4676	0.669244	
25.0385	1.47381	0.671413	
25.0699	1.47857	0.672919	
25.1013	1.48188	0.673759	
25.1327	1.48372	0.673934	
25.1642	1.48411	0.673444	
25.1956	1.48303	0.672291	
25.227	1.48049	0.670476	
25.2584	1.47648	0.668001	
25.2898	1.47101	0.664871	
25.3212	1.46408	0.661088	
25.3527	1.45571	0.656657	
25.3841	1.44588	0.651583	
25.4155	1.43462	0.645871	
25.4469	1.42194	0.639529	
25.4783	1.40783	0.632562	
25.5097	1.39233	0.624978	
25.5411	1.37543	0.616785	
25.5726	1.35716	0.607992	
25.604	1.33754	0.598609	
25.6354	1.31657	0.588645	
25.6668	1.29428	0.578109	
25.6982	1.2707	0.567015	
25.7296	1.24583	0.555372	
25.7611	1.21972	0.543193	
25.7925	1.19237	0.530491	
25.8239	1.16382	0.517278	
25.8553	1.13409	0.503568	
25.8867	1.10321	0.489375	
25.9181	1.07122	0.474713	
25.9496	1.03813	0.459598	
25.981	1.00399	0.444045	
26.0124	0.968825	0.428069	
26.0438	0.932668	0.411687	
26.0752	0.895554	0.394915	
26.1066	0.85752	0.37777	
26.1381	0.818602	0.36027	
26.1695	0.778838	0.342431	
26.2009	0.738266	0.324273	
26.2323	0.696925	0.305813	
26.2637	0.654856	0.287069	
26.2951	0.612098	0.268061	
26.3265	0.568695	0.248807	
26.358	0.524687	0.229327	
26.3894	0.480118	0.20964	
26.4208	0.435031	0.189766	
26.4522	0.38947	0.169725	
26.4836	0.34348	0.149535	
26.515	0.297106	0.129218	
26.5465	0.250392	0.108794	
26.5779	0.203386	0.0882829	
26.6093	0.156132	0.0677048	
26.6407	0.108677	0.0470802	
26.6721	0.0610685	0.0264295	
26.7035	0.0133525	0.00577306	
26.735	-0.0344237	-0.0148687	
26.7664	-0.0822131	-0.0354754	
26.7978	-0.129968	-0.0560268	
26.8292	-0.177643	-0.0765027	
26.8606	-0.225189	-0.096883	
26.892	-0.272559	-0.117148	
26.9234	-0.319708	-0.137277	
26.9549	-0.366587	-0.157251	
26.9863	-0.413151	-0.17705	
27.0177	-0.459353	-0.196655	
27.0491	-0.505147	-0.216047	
27.0805	-0.550488	-0.235207	
27.1119	-0.595331	-0.254116	
27.1434	-0.63963	-0.272756	
27.1748	-0.683341	-0.291108	
27.2062	-0.726422	-0.309155	
27.2376	-0.768827	-0.32688	
27.269	-0.810516	-0.344265	
27.3004	-0.851446	-0.361294	
27.3319	-0.891576	-0.377949	
27.3633	-0.930866	-0.394215	
27.3947	-0.969276	-0.410077	
27.4261	-1.00677	-0.425518	
27.4575	-1.0433	-0.440525	
27.4889	-1.07884	-0.455083	
27.5204	-1.11335	-0.469177	
27.5518	-1.1468	-0.482795	
27.5832	-1.17915	-0.495924	
27.6146	-1.21036	-0.508551	
27.646	-1.24041	-0.520664	
27.6774	-1.26927	-0.532251	
27.7088	-1.2969	-0.543302	
27.7403	-1.32329	-0.553807	
27.7717	-1.34839	-0.563755	
27.8031	-1.37218	-0.573138	
27.8345	-1.39464	-0.581946	
27.8659	-1.41575	-0.590172	
27.8973	-1.43549	-0.597808	
27.9288	-1.45382	-0.604847	
27.9602	-1.47074	-0.611282	
27.9916	-1.48622	-0.617109	
28.023	-1.50026	-0.622321	
28.0544	-1.51282	-0.626915	
28.0858	-1.52391	-0.630885	
28.1173	-1.5335	-0.63423	
28.1487	-1.54158	-0.636947	
28.1801	-1.54816	-0.639032	
28.2115	-1.55321	-0.640486	
28.2429	-1.55674	-0.641306	
28.2743	-1.55873	-0.641493	
28.3057	-1.55918	-0.641048	
28.3372	-1.5581	-0.639971	
28.3686	-1.55548	-0.638264	
28.4	-1.55132	-0.63593	
28.4314	-1.54562	-0.63297	
28.4628	-1.5384	-0.62939	
28.4942	-1.52965	-0.625192	
28.5257	-1.51938	-0.620383	
28.5571	-1.5076	-0.614966	
28.5885	-1.49432	-0.608948	
28.6199	-1.47955	-0.602336	
28.6513	-1.46331	-0.595136	
28.6827	-1.44561	-0.587357	
28.7142	-1.42646	-0.579006	
28.7456	-1.40589	-0.570093	
28.777	-1.38391	-0.560626	
28.8084	-1.36054	-0.550616	
28.8398	-1.3358	-0.540073	
28.8712	-1.30972	-0.529008	
28.9027	-1.28233	-0.517432	
28.9341	-1.25364	-0.505357	
28.9655	-1.22369	-0.492796	
28.9969	-1.1925	-0.479761	
29.0283	-1.1601	-0.466266	
29.0597	-1.12652	-0.452325	
29.0911	-1.0918	-0.437952	
29.1226	-1.05597	-0.423161	
29.154	-1.01906	-0.407967	
29.1854	-0.981105	-0.392386	
29.2168	-0.942147	-0.376433	
29.2482	-0.902221	-0.360125	
29.2796	-0.861364	-0.343478	
29.3111	-0.819618	-0.326509	
29.3425	-0.777021	-0.309235	
29.3739	-0.733615	-0.291672	
29.4053	-0.689442	-0.27384	
29.4367	-0.644545	-0.255755	
29.4681	-0.598968	-0.237435	
29.4996	-0.552755	-0.2189	
29.531	-0.50595	-0.200167	
29.5624	-0.4586	-0.181255	
29.5938	-0.41075	-0.162183	
29.6252	-0.362448	-0.14297	
29.6566	-0.313741	-0.123635	
29.6881	-0.264676	-0.104197	
29.7195	-0.215301	-0.084676	
29.7509	-0.165665	-0.0650903	
29.7823	-0.115816	-0.0454598	
29.8137	-0.0658042	-0.0258038	
29.8451	-0.0156779	-0.0061417	
29.8765	0.0345134	0.0135071	
29.908	0.0847202	0.0331231	
29.9394	0.134893	0.0526872	
29.9708	0.184982	0.07218	
30.0022	0.234938	0.0915824	
30.0336	0.284711	0.110875	
30.065	0.334253	0.13004	
30.0965	0.383513	0.149058	
30.1279	0.432444	0.167909	
30.1593	0.480996	0.186577	
30.1907	0.529121	0.205042	
30.2221	0.576772	0.223287	
30.2535	0.6239	0.241294	
30.285	0.67046	0.259045	
30.3164	0.716403	0.276523	
30.3478	0.761685	0.293712	
30.3792	0.806259	0.310594	
30.4106	0.850082	0.327152	
30.442	0.893109	0.343372	
30.4734	0.935297	0.359238	
30.5049	0.976604	0.374733	
30.5363	1.01699	0.389844	
30.5677	1.05641	0.404556	
30.5991	1.09482	0.418854	
30.6305	1.1322	0.432725	
30.6619	1.16849	0.446156	
30.6934	1.20366	0.459133	
30.7248	1.23769	0.471645	
30.7562	1.27052	0.48368	
30.7876	1.30213	0.495226	
30.819	1.33249	0.506272	
30.8504	1.36156	0.516809	
30.8819	1.38932	0.526825	
30.9133	1.41574	0.536312	
30.9447	1.44078	0.545261	
30.9761	1.46443	0.553663	
31.0075	1.48665	0.561511	
31.0389	1.50743	0.568798	
31.0704	1.52674	0.575517	
31.1018	1.54456	0.581661	
31.1332	1.56088	0.587226	
31.1646	1.57567	0.592207	
31.196	1.58893	0.596599	
31.2274	1.60062	0.600398	
31.2588	1.61075	0.603602	
31.2903	1.6193	0.606207	
31.3217	1.62626	0.608212	
31.3531	1.63162	0.609615	
31.3845	1.63538	0.610416	
31.4159	1.63752	0.610614	
31.4473	1.63805	0.61021	
31.4788	1.63697	0.609205	
31.5102	1.63427	0.6076	
31.5416	1.62995	0.605397	
31.573	1.62402	0.6026	
31.6044	1.61648	0.599211	
31.6358	1.60734	0.595235	
31.6673	1.5966	0.590676	
31.6987	1.58428	0.585539	
31.7301	1.57038	0.579829	
31.7615	1.55492	0.573554	
31.7929	1.5379	0.566719	
31.8243	1.51936	0.559333	
31.8557	1.49929	0.551402	
31.8872	1.47773	0.542935	
31.9186	1.45468	0.533941	
31.95	1.43018	0.52443	
31.9814	1.40424	0.514411	
32.0128	1.37689	0.503894	
32.0442	1.34815	0.492891	
32.0757	1.31806	0.481413	
32.1071	1.28663	0.469472	
32.1385	1.25391	0.457079	
32.1699	1.21991	0.444249	
32.2013	1.18468	0.430992	
32.2327	1.14824	0.417324	
32.2642	1.11063	0.403258	
32.2956	1.07189	0.388808	
32.327	1.03206	0.373989	
32.3584	0.991161	0.358816	
32.3898	0.949248	0.343304	
32.4212	0.906357	0.327469	
32.4527	0.862529	0.311326	
32.4841	0.817806	0.294893	
32.5155	0.772232	0.278185	
32.5469	0.725851	0.261219	
32.5783	0.678708	0.244012	
32.6097	0.630848	0.226582	
32.6411	0.582318	0.208945	
32.6726	0.533166	0.19112	
32.704	0.483439	0.173124	
32.7354	0.433186	0.154975	
32.7668	0.382456	0.136691	
32.7982	0.331298	0.11829	
32.8296	0.279763	0.099791	
32.8611	0.227901	0.0812117	
32.8925	0.175763	0.0625707	
32.9239	0.123399	0.0438863	
32.9553	0.0708627	0.0251771	
32.9867	0.0182042	0.00646147	
33.0181	-0.0345242	-0.012242	
33.0496	-0.0872706	-0.0309151	
33.081	-0.139983	-0.0495392	
33.1124	-0.192609	-0.0680961	
33.1438	-0.245097	-0.0865675	
33.1752	-0.297395	-0.104935	
33.2066	-0.349451	-0.123182	
33.2381	-0.401214	-0.141289	
33.2695	-0.452631	-0.159238	
33.3009	-0.503653	-0.177013	
33.3323	-0.554228	-0.194596	
33.3637	-0.604306	-0.21197	
33.3951	-0.653836	-0.229118	
33.4265	-0.702771	-0.246022	
33.458	-0.75106	-0.262668	
33.4894	-0.798655	-0.279038	
33.5208	-0.84551	-0.295117	
33.5522	-0.891576	-0.310889	
33.5836	-0.936807	-0.326339	
33.615	-0.981159	-0.341452	
33.6465	-1.02459	-0.356213	
33.6779	-1.06704	-0.370609	
33.7093	-1.10849	-0.384625	
33.7407	-1.14889	-0.398248	
33.7721	-1.18819	-0.411465	
33.8035	-1.22635	-0.424263	
33.835	-1.26335	-0.43663	
33.8664	-1.29913	-0.448555	
33.8978	-1.33367	-0.460025	
33.9292	-1.36692	-0.471031	
33.9606	-1.39886	-0.481561	
33.992	-1.42945	-0.491606	
34.0234	-1.45865	-0.501157	
34.0549	-1.48645	-0.510204	
34.0863	-1.51281	-0.518739	
34.1177	-1.5377	-0.526754	
34.1491	-1.5611	-0.534241	
34.1805	-1.58298	-0.541195	
34.2119	-1.60332	-0.547608	
34.2434	-1.62209	-0.553475	
34.2748	-1.63929	-0.558791	
34.3062	-1.65488	-0.56355	
34.3376	-1.66886	-0.567749	
34.369	-1.6812	-0.571384	
34.4004	-1.6919	-0.574452	
34.4319	-1.70093	-0.57695	
34.4633	-1.7083	-0.578877	
34.4947	-1.71398	-0.580232	
34.5261	-1.71799	-0.581013	
34.5575	-1.7203	-0.58122	
34.5889	-1.72091	-0.580855	
34.6204	-1.71983	-0.579917	
34.6518	-1.71704	-0.578408	
34.6832	-1.71256	-0.57633	
34.7146	-1.70639	-0.573686	
34.746	-1.69852	-0.570479	
34.7774	-1.68898	-0.566712	
34.8088	-1.67775	-0.562391	
34.8403	-1.66486	-0.557519	
34.8717	-1.65031	-0.552102	
34.9031	-1.63412	-0.546147	
34.9345	-1.6163	-0.539658	
34.9659	-1.59687	-0.532645	
34.9973	-1.57584	-0.525112	
35.0288	-1.55324	-0.51707	
35.0602	-1.52908	-0.508525	
35.0916	-1.50338	-0.499488	
35.123	-1.47618	-0.489967	
35.1544	-1.4475	-0.479972	
35.1858	-1.41736	-0.469514	
35.2173	-1.38579	-0.458603	
35.2487	-1.35282	-0.447251	
35.2801	-1.31848	-0.435469	
35.3115	-1.28281	-0.42327	
35.3429	-1.24583	-0.410665	
35.3743	-1.20759	-0.397667	
35.4057	-1.16812	-0.38429	
35.4372	-1.12746	-0.370548	
35.4686	-1.08565	-0.356454	
35.5	-1.04272	-0.342022	
35.5314	-0.998723	-0.327267	
35.5628	-0.953696	-0.312204	
35.5942	-0.907683	-0.296848	
35.6257	-0.860728	-0.281214	
35.6571	-0.812878	-0.265319	
35.6885	-0.764178	-0.249178	
35.7199	-0.714676	-0.232807	
35.7513	-0.66442	-0.216222	
35.7827	-0.613458	-0.199441	
35.8142	-0.561841	-0.18248	
35.8456	-0.509618	-0.165355	
35.877	-0.45684	-0.148084	
35.9084	-0.40356	-0.130684	
35.9398	-0.349829	-0.113173	
35.9712	-0.295699	-0.0955673	
36.0027	-0.241225	-0.0778847	
36.0341	-0.186458	-0.0601427	
36.0655	-0.131453	-0.0423589	
36.0969	-0.0762645	-0.0245509	
36.1283	-0.020946	-0.00673624	
36.1597	0.0344478	0.0110675	
36.1911	0.0898622	0.0288428	
36.2226	0.145243	0.0465721	
36.254	0.200534	0.064238	
36.2854	0.255683	0.0818232	
36.3168	0.310633	0.0993103	
36.3482	0.365331	0.116682	
36.3796	0.419723	0.133922	
36.4111	0.473754	0.151013	
36.4425	0.527371	0.167938	
36.4739	0.58052	0.184681	
36.5053	0.633148	0.201225	
36.5367	0.685204	0.217554	
36.5681	0.736635	0.233653	
36.5996	0.787389	0.249506	
36.631	0.837417	0.265096	
36.6624	0.886667	0.280411	
36.6938	0.935091	0.295433	
36.7252	0.98264	0.31015	
36.7566	1.02927	0.324546	
36.788	1.07492	0.338608	
36.8195	1.11956	0.352322	
36.8509	1.16314	0.365675	
36.8823	1.20562	0.378655	
36.9137	1.24694	0.391249	
36.9451	1.28708	0.403444	
36.9765	1.32598	0.415229	
37.008	1.36362	0.426594	
37.0394	1.39995	0.437526	
37.0708	1.43493	0.448017	
37.1022	1.46853	0.458055	
37.1336	1.50071	0.467632	
37.165	1.53144	0.476738	
37.1965	1.5607	0.485366	
37.2279	1.58844	0.493506	
37.2593	1.61464	0.501151	
37.2907	1.63927	0.508295	
37.3221	1.66231	0.514931	
37.3535	1.68373	0.521052	
37.385	1.70351	0.526654	
37.4164	1.72163	0.531731	
37.4478	1.73807	0.536279	
37.4792	1.75281	0.540293	
37.5106	1.76583	0.543771	
37.542	1.77712	0.546709	
37.5734	1.78668	0.549105	
37.6049	1.79447	0.550957	
37.6363	1.8005	0.552264	
37.6677	1.80477	0.553026	
37.6991	1.80725	0.553241	
37.7305	1.80796	0.552911	
37.7619	1.80688	0.552036	
37.7934	1.80401	0.550617	
37.8248	1.79936	0.548657	
37.8562	1.79294	0.546158	
37.8876	1.78473	0.543123	
37.919	1.77476	0.539556	
37.9504	1.76302	0.535459	
37.9819	1.74954	0.530839	
38.0133	1.73431	0.525701	
38.0447	1.71736	0.520048	
38.0761	1.69869	0.513889	
38.1075	1.67833	0.507229	
38.1389	1.6563	0.500076	
38.1704	1.6326	0.492436	
38.2018	1.60727	0.484319	
38.2332	1.58034	0.475732	
38.2646	1.55181	0.466684	
38.296	1.52172	0.457185	
38.3274	1.49011	0.447245	
38.3588	1.45699	0.436873	
38.3903	1.4224	0.426081	
38.4217	1.38637	0.41488	
38.4531	1.34894	0.40328	
38.4845	1.31014	0.391295	
38.5159	1.27001	0.378935	
38.5473	1.22859	0.366214	
38.5788	1.18591	0.353144	
38.6102	1.14202	0.339739	
38.6416	1.09696	0.326013	
38.673	1.05077	0.311978	
38.7044	1.0035	0.29765	
38.7358	0.955197	0.283042	
38.7673	0.905899	0.26817	
38.7987	0.855659	0.253047	
38.8301	0.804525	0.237691	
38.8615	0.752546	0.222115	
38.8929	0.699773	0.206335	
38.9243	0.646257	0.190368	
38.9557	0.592051	0.174228	
38.9872	0.537207	0.157933	
39.0186	0.481779	0.141498	
39.05	0.42582	0.12494	
39.0814	0.369386	0.108274	
39.1128	0.312531	0.0915189	
39.1442	0.255313	0.0746897	
39.1757	0.197785	0.0578035	
39.2071	0.140006	0.0408769	
39.2385	0.0820312	0.0239267	
39.2699	0.0239184	0.00696958	
39.3013	-0.0342754	-0.00997765	
39.3327	-0.0924927	-0.0268983	
39.3642	-0.150676	-0.0437758	
39.3956	-0.208768	-0.0605935	
39.427	-0.266712	-0.0773349	
39.4584	-0.324449	-0.0939834	
39.4898	-0.381924	-0.110523	
39.5212	-0.439078	-0.126937	
39.5527	-0.495855	-0.14321	
39.5841	-0.552198	-0.159326	
39.6155	-0.608053	-0.175268	
39.6469	-0.663362	-0.191022	
39.6783	-0.718071	-0.206573	
39.7097	-0.772126	-0.221904	
39.7411	-0.825472	-0.237001	
39.7726	-0.878055	-0.25185	
39.804	-0.929824	-0.266436	
39.8354	-0.980727	-0.280745	
39.8668	-1.03071	-0.294762	
39.8982	-1.07973	-0.308476	
39.9296	-1.12773	-0.321871	
39.9611	-1.17466	-0.334936	
39.9925	-1.22048	-0.347658	
40.0239	-1.26514	-0.360025	
40.0553	-1.3086	-0.372025	
40.0867	-1.35081	-0.383645	
40.1181	-1.39173	-0.394876	
40.1496	-1.43131	-0.405707	
40.181	-1.46952	-0.416127	
40.2124	-1.50632	-0.426127	
40.2438	-1.54166	-0.435696	
40.2752	-1.57552	-0.444826	
40.3066	-1.60786	-0.453509	
40.338	-1.63865	-0.461736	
40.3695	-1.66784	-0.4695	
40.4009	-1.69542	-0.476793	
40.4323	-1.72136	-0.483609	
40.4637	-1.74562	-0.489941	
40.4951	-1.76818	-0.495784	
40.5265	-1.78902	-0.501132	
40.558	-1.80811	-0.505981	
40.5894	-1.82544	-0.510326	
40.6208	-1.84098	-0.514164	
40.6522	-1.85472	-0.517491	
40.6836	-1.86665	-0.520305	
40.715	-1.87674	-0.522603	
40.7465	-1.88499	-0.524383	
40.7779	-1.89139	-0.525644	
40.8093	-1.89593	-0.526386	
40.8407	-1.8986	-0.526608	
40.8721	-1.8994	-0.526311	
40.9035	-1.89833	-0.525495	
40.935	-1.89538	-0.524162	
40.9664	-1.89056	-0.522313	
40.9978	-1.88387	-0.519951	
41.0292	-1.87531	-0.517079	
41.0606	-1.8649	-0.5137	
41.092	-1.85263	-0.509817	
41.1234	-1.83852	-0.505436	
41.1549	-1.82258	-0.500561	
41.1863	-1.80483	-0.495197	
41.2177	-1.78528	-0.48935	
41.2491	-1.76395	-0.483026	
41.2805	-1.74086	-0.476232	
41.3119	-1.71602	-0.468975	
41.3434	-1.68947	-0.461264	
41.3748	-1.66122	-0.453105	
41.4062	-1.63131	-0.444507	
41.4376	-1.59976	-0.435479	
41.469	-1.56659	-0.426031	
41.5004	-1.53185	-0.416172	
41.5319	-1.49556	-0.405913	
41.5633	-1.45776	-0.395263	
41.5947	-1.41848	-0.384235	
41.6261	-1.37777	-0.372838	
41.6575	-1.33565	-0.361085	
41.6889	-1.29218	-0.348987	
41.7204	-1.24739	-0.336557	
41.7518	-1.20132	-0.323808	
41.7832	-1.15402	-0.310752	
41.8146	-1.10553	-0.297403	
41.846	-1.05591	-0.283773	
41.8774	-1.00519	-0.269877	
41.9088	-0.953437	-0.255729	
41.9403	-0.900687	-0.241342	
41.9717	-0.846997	-0.226732	
42.0031	-0.792417	-0.211912	
42.0345	-0.737002	-0.196899	
42.0659	-0.680804	-0.181705	
42.0973	-0.623879	-0.166348	
42.1288	-0.566283	-0.150842	
42.1602	-0.50807	-0.135202	
42.1916	-0.449299	-0.119445	
42.223	-0.390026	-0.103585	
42.2544	-0.330309	-0.0876387	
42.2858	-0.270208	-0.0716218	
42.3173	-0.209781	-0.05555	
42.3487	-0.149087	-0.0394393	
42.3801	-0.0881859	-0.0233056	
42.4115	-0.0271378	-0.00716486	
42.4429	0.0339974	0.00896706	
42.4743	0.0951594	0.0250742	
42.5057	0.156288	0.0411408	
42.5372	0.217322	0.0571509	
42.5686	0.278203	0.073089	
42.6	0.338868	0.0889392	
42.6314	0.399259	0.104686	
42.6628	0.459316	0.120314	
42.6942	0.518979	0.135808	
42.7257	0.578188	0.151153	
42.7571	0.636885	0.166334	
42.7885	0.695012	0.181336	
42.8199	0.75251	0.196144	
42.8513	0.809322	0.210744	
42.8827	0.865391	0.225123	
42.9142	0.920661	0.239264	
42.9456	0.975078	0.253156	
42.977	1.02859	0.266785	
43.0084	1.08113	0.280137	
43.0398	1.13266	0.2932	
43.0712	1.18312	0.305961	
43.1027	1.23247	0.318408	
43.1341	1.28065	0.330528	
43.1655	1.32761	0.342311	
43.1969	1.37331	0.353744	
43.2283	1.41769	0.364818	
43.2597	1.46072	0.375521	
43.2911	1.50236	0.385842	
43.3226	1.54255	0.395774	
43.354	1.58125	0.405305	
43.3854	1.61844	0.414427	
43.4168	1.65407	0.423132	
43.4482	1.68809	0.431411	
43.4796	1.72049	0.439256	
43.5111	1.75122	0.446661	
43.5425	1.78025	0.453618	
43.5739	1.80755	0.460121	
43.6053	1.8331	0.466163	
43.6367	1.85686	0.47174	
43.6681	1.87881	0.476847	
43.6996	1.89893	0.481478	
43.731	1.91719	0.48563	
43.7624	1.93358	0.489299	
43.7938	1.94808	0.492482	
43.8252	1.96067	0.495176	
43.8566	1.97134	0.497379	
43.888	1.98008	0.49909	
43.9195	1.98686	0.500307	
43.9509	1.9917	0.501029	
43.9823	1.99457	0.501257	
44.0137	1.99547	0.50099	
44.0451	1.99441	0.50023	
44.0765	1.99138	0.498977	
44.108	1.98638	0.497233	
44.1394	1.97941	0.495001	
44.1708	1.97049	0.492283	
44.2022	1.95961	0.489082	
44.2336	1.94678	0.485403	
44.265	1.93202	0.481248	
44.2965	1.91534	0.476623	
44.3279	1.89676	0.471532	
44.3593	1.87628	0.465981	
44.3907	1.85393	0.459977	
44.4221	1.82973	0.453525	
44.4535	1.8037	0.446632	
44.485	1.77586	0.439305	
44.5164	1.74625	0.431553	
44.5478	1.71488	0.423383	
44.5792	1.68178	0.414803	
44.6106	1.647	0.405823	
44.642	1.61055	0.396451	
44.6734	1.57248	0.386698	
44.7049	1.53282	0.376574	
44.7363	1.49161	0.366087	
44.7677	1.44888	0.355251	
44.7991	1.40469	0.344074	
44.8305	1.35906	0.33257	
44.8619	1.31205	0.320749	
44.8934	1.26369	0.308623	
44.9248	1.21404	0.296205	
44.9562	1.16314	0.283507	
44.9876	1.11105	0.270542	
45.019	1.0578	0.257323	
45.0504	1.00346	0.243864	
45.0819	0.94808	0.230177	
45.1133	0.891706	0.216277	
45.1447	0.834396	0.202177	
45.1761	0.776206	0.187892	
45.2075	0.717192	0.173436	
45.2389	0.657412	0.158823	
45.2704	0.596925	0.144068	
45.3018	0.535788	0.129185	
45.3332	0.474062	0.114189	
45.3646	0.411808	0.099096	
45.396	0.349086	0.0839199	
45.4274	0.285957	0.0686761	
45.4588	0.222484	0.0533795	
45.4903	0.158728	0.0380454	
45.5217	0.0947533	0.0226889	
45.5531	0.0306216	0.00732518	
45.5845	-0.0336037	-0.00803062	
45.6159	-0.0978591	-0.0233634	
45.6473	-0.162081	-0.038658	
45.6788	-0.226207	-0.0538993	
45.7102	-0.290173	-0.0690726	
45.7416	-0.353915	-0.0841627	
45.773	-0.417371	-0.099155	
45.8044	-0.480478	-0.114035	
45.8358	-0.543173	-0.128787	
45.8673	-0.605394	-0.143399	
45.8987	-0.667078	-0.157854	
45.9301	-0.728165	-0.172139	
45.9615	-0.788594	-0.186241	
45.9929	-0.848304	-0.200145	
46.0243	-0.907236	-0.213838	
46.0557	-0.96533	-0.227307	
46.0872	-1.02253	-0.240538	
46.1186	-1.07878	-0.253519	
46.15	-1.13401	-0.266237	
46.1814	-1.18819	-0.278681	
46.2128	-1.24124	-0.290837	
46.2442	-1.29312	-0.302694	
46.2757	-1.34377	-0.314241	
46.3071	-1.39315	-0.325468	
46.3385	-1.44121	-0.336362	
46.3699	-1.48788	-0.346913	
46.4013	-1.53314	-0.357113	
46.4327	-1.57693	-0.36695	
46.4642	-1.6192	-0.376415	
46.4956	-1.65992	-0.385501	
46.527	-1.69904	-0.394197	
46.5584	-1.73652	-0.402495	
46.5898	-1.77232	-0.410389	
46.6212	-1.80641	-0.417871	
46.6527	-1.83875	-0.424933	
46.6841	-1.86931	-0.431569	
46.7155	-1.89806	-0.437773	
46.7469	-1.92496	-0.443539	
46.7783	-1.94998	-0.448862	
46.8097	-1.97311	-0.453737	
46.8411	-1.99431	-0.458161	
46.8726	-2.01356	-0.462128	
46.904	-2.03085	-0.465635	
46.9354	-2.04614	-0.46868	
46.9668	-2.05944	-0.47126	
46.9982	-2.07071	-0.473373	
47.0296	-2.07995	-0.475016	
47.0611	-2.08715	-0.47619	
47.0925	-2.0923	-0.476893	
47.1239	-2.09538	-0.477126	
47.1553	-2.0964	-0.476887	
47.1867	-2.09535	-0.476179	
47.2181	-2.09224	-0.475002	
47.2496	-2.08705	-0.473357	
47.281	-2.0798	-0.471248	
47.3124	-2.07049	-0.468676	
47.3438	-2.05913	-0.465644	
47.3752	-2.04572	-0.462157	
47.4066	-2.03028	-0.458217	
47.438	-2.01283	-0.453829	
47.4695	-1.99336	-0.448998	
47.5009	-1.97192	-0.443729	
47.5323	-1.9485	-0.438027	
47.5637	-1.92314	-0.4319	
47.5951	-1.89586	-0.425352	
47.6265	-1.86667	-0.418392	
47.658	-1.83562	-0.411026	
47.6894	-1.80272	-0.403262	
47.7208	-1.76802	-0.395108	
47.7522	-1.73153	-0.386573	
47.7836	-1.6933	-0.377665	
47.815	-1.65336	-0.368393	
47.8465	-1.61174	-0.358767	
47.8779	-1.5685	-0.348797	
47.9093	-1.52367	-0.338493	
47.9407	-1.47728	-0.327865	
47.9721	-1.4294	-0.316924	
48.0035	-1.38005	-0.305682	
48.035	-1.3293	-0.294149	
48.0664	-1.27718	-0.282338	
48.0978	-1.22375	-0.27026	
48.1292	-1.16906	-0.257927	
48.1606	-1.11316	-0.245353	
48.192	-1.05611	-0.232549	
48.2234	-0.997962	-0.219528	
48.2549	-0.93877	-0.206303	
48.2863	-0.878593	-0.192888	
48.3177	-0.817489	-0.179296	
48.3491	-0.755518	-0.165541	
48.3805	-0.69274	-0.151636	
48.4119	-0.629217	-0.137596	
48.4434	-0.56501	-0.123433	
48.4748	-0.500181	-0.109163	
48.5062	-0.434796	-0.0947992	
48.5376	-0.368916	-0.080356	
48.569	-0.302607	-0.0658479	
48.6004	-0.235935	-0.0512892	
48.6319	-0.168963	-0.0366943	
48.6633	-0.101759	-0.0220776	
48.6947	-0.0343882	-0.00745348	
48.7261	0.0330832	0.00716354	
48.7575	0.100589	0.0217591	
48.7889	0.168061	0.0363188	
48.8203	0.235435	0.0508283	
48.8518	0.302642	0.0652734	
48.8832	0.369617	0.0796399	
48.9146	0.436294	0.0939137	
48.946	0.502606	0.108081	
48.9774	0.568487	0.122127	
49.0088	0.633872	0.13604	
49.0403	0.698696	0.149804	
49.0717	0.762894	0.163408	
49.1031	0.826403	0.176836	
49.1345	0.889159	0.190077	
49.1659	0.951099	0.203118	
49.1973	1.01216	0.215945	
49.2288	1.07229	0.228547	
49.2602	1.13141	0.240911	
49.2916	1.18948	0.253026	
49.323	1.24643	0.264879	
49.3544	1.3022	0.276459	
49.3858	1.35675	0.287755	
49.4173	1.41001	0.298756	
49.4487	1.46193	0.309452	
49.4801	1.51246	0.319832	
49.5115	1.56155	0.329887	
49.5429	1.60914	0.339607	
49.5743	1.6552	0.348982	
49.6057	1.69966	0.358003	
49.6372	1.74249	0.366663	
49.6686	1.78365	0.374953	
49.7	1.82308	0.382865	
49.7314	1.86075	0.390391	
49.7628	1.89663	0.397525	
49.7942	1.93067	0.404261	
49.8257	1.96283	0.410591	
49.8571	1.99309	0.416509	
49.8885	2.02142	0.422012	
49.9199	2.04777	0.427093	
49.9513	2.07213	0.431747	
49.9827	2.09447	0.435972	
50.0142	2.11477	0.439762	
50.0456	2.133	0.443115	
50.077	2.14914	0.446028	
50.1084	2.16317	0.448499	
50.1398	2.17509	0.450524	
50.1712	2.18487	0.452104	
50.2027	2.1925	0.453236	
50.2341	2.19798	0.45392	
50.2655	2.20129	0.454156	
50.2969	2.20243	0.453943	
50.3283	2.2014	0.453284	
50.3597	2.1982	0.452178	
50.3911	2.19282	0.450627	
50.4226	2.18528	0.448634	
50.454	2.17557	0.4462	
50.4854	2.1637	0.443329	
50.5168	2.14969	0.440023	
50.5482	2.13354	0.436287	
50.5796	2.11527	0.432124	
50.6111	2.09489	0.42754	
50.6425	2.07243	0.422538	
50.6739	2.04789	0.417125	
50.7053	2.02132	0.411305	
50.7367	1.99272	0.405086	
50.7681	1.96212	0.398474	
50.7996	1.92956	0.391475	
50.831	1.89507	0.384097	
50.8624	1.85867	0.376348	
50.8938	1.8204	0.368235	
50.9252	1.78029	0.359767	
50.9566	1.73839	0.350953	
50.988	1.69473	0.341802	
51.0195	1.64935	0.332322	
51.0509	1.6023	0.322524	
51.0823	1.55363	0.312418	
51.1137	1.50337	0.302014	
51.1451	1.45158	0.291322	
51.1765	1.39831	0.280354	
51.208	1.3436	0.269119	
51.2394	1.28751	0.257631	
51.2708	1.2301	0.2459	
51.3022	1.17142	0.233938	
51.3336	1.11152	0.221757	
51.365	1.05046	0.20937	
51.3965	0.988313	0.196788	
51.4279	0.925125	0.184025	
51.4593	0.860961	0.171093	
51.4907	0.795885	0.158005	
51.5221	0.729959	0.144774	
51.5535	0.663248	0.131413	
51.585	0.595816	0.117936	
51.6164	0.527729	0.104356	
51.6478	0.459054	0.0906862	
51.6792	0.389859	0.0769407	
51.7106	0.32021	0.0631329	
51.742	0.250177	0.0492764	
51.7734	0.179828	0.0353851	
51.8049	0.109231	0.0214725	
51.8363	0.0384575	0.00755245	
51.8677	-0.0324241	-0.00636131	
51.8991	-0.103344	-0.0202551	
51.9305	-0.174231	-0.0341152	
51.9619	-0.245017	-0.047928	
51.9934	-0.31563	-0.0616799	
52.0248	-0.386002	-0.0753574	
52.0562	-0.456062	-0.0889472	
52.0876	-0.525742	-0.102436	
52.119	-0.594971	-0.11581	
52.1504	-0.663681	-0.129057	
52.1819	-0.731804	-0.142164	
52.2133	-0.799272	-0.155117	
52.2447	-0.866018	-0.167905	
52.2761	-0.931975	-0.180515	
52.3075	-0.997077	-0.192934	
52.3389	-1.06126	-0.205151	
52.3703	-1.12446	-0.217153	
52.4018	-1.18661	-0.22893	
52.4332	-1.24765	-0.240469	
52.4646	-1.30752	-0.25176	
52.496	-1.36616	-0.262791	
52.5274	-1.42351	-0.273553	
52.5588	-1.47951	-0.284034	
52.5903	-1.5341	-0.294224	
52.6217	-1.58724	-0.304115	
52.6531	-1.63886	-0.313696	
52.6845	-1.68891	-0.322958	
52.7159	-1.73735	-0.331893	
52.7473	-1.78412	-0.340491	
52.7788	-1.82917	-0.348745	
52.8102	-1.87246	-0.356648	
52.8416	-1.91395	-0.364191	
52.873	-1.95359	-0.371367	
52.9044	-1.99135	-0.37817	
52.9358	-2.02717	-0.384594	
52.9673	-2.06103	-0.390632	
52.9987	-2.09288	-0.396279	
53.0301	-2.12271	-0.401529	
53.0615	-2.15047	-0.406379	
53.0929	-2.17613	-0.410823	
53.1243	-2.19967	-0.414857	
53.1557	-2.22106	-0.418479	
53.1872	-2.24028	-0.421684	
53.2186	-2.25731	-0.424471	
53.25	-2.27213	-0.426836	
53.2814	-2.28472	-0.428778	
53.3128	-2.29507	-0.430296	
53.3442	-2.30316	-0.431387	
53.3757	-2.30899	-0.432052	
53.4071	-2.31254	-0.432291	
53.4385	-2.31382	-0.432103	
53.4699	-2.31281	-0.431489	
53.5013	-2.30952	-0.43045	
53.5327	-2.30395	-0.428988	
53.5642	-2.2961	-0.427105	
53.5956	-2.28597	-0.424802	
53.627	-2.27358	-0.422082	
53.6584	-2.25893	-0.418949	
53.6898	-2.24204	-0.415407	
53.7212	-2.22292	-0.411458	
53.7527	-2.20158	-0.407107	
53.7841	-2.17805	-0.402359	
53.8155	-2.15235	-0.397219	
53.8469	-2.1245	-0.391692	
53.8783	-2.09453	-0.385785	
53.9097	-2.06245	-0.379503	
53.9411	-2.02831	-0.372853	
53.9726	-1.99214	-0.365842	
54.004	-1.95396	-0.358478	
54.0354	-1.91382	-0.350767	
54.0668	-1.87175	-0.342718	
54.0982	-1.82779	-0.334338	
54.1296	-1.78198	-0.325638	
54.1611	-1.73437	-0.316625	
54.1925	-1.685	-0.307309	
54.2239	-1.63392	-0.297698	
54.2553	-1.58117	-0.287804	
54.2867	-1.52681	-0.277636	
54.3181	-1.47089	-0.267204	
54.3496	-1.41347	-0.256519	
54.381	-1.35459	-0.245592	
54.4124	-1.29432	-0.234433	
54.4438	-1.23271	-0.223054	
54.4752	-1.16982	-0.211466	
54.5066	-1.10572	-0.199681	
54.538	-1.04046	-0.187711	
54.5695	-0.974115	-0.175568	
54.6009	-0.906739	-0.163263	
54.6323	-0.838402	-0.15081	
54.6637	-0.76917	-0.13822	
54.6951	-0.69911	-0.125507	
54.7265	-0.628292	-0.112682	
54.758	-0.556783	-0.0997585	
54.7894	-0.484654	-0.0867496	
54.8208	-0.411976	-0.073668	
54.8522	-0.338819	-0.0605266	
54.8836	-0.265256	-0.0473385	
54.915	-0.191358	-0.0341168	
54.9465	-0.117199	-0.0208745	
54.9779	-0.0428502	-0.00762462	
55.0093	0.0316138	0.0056197	
55.0407	0.10612	0.0188454	
55.0721	0.180595	0.0320395	
55.1035	0.254966	0.045189	
55.135	0.329158	0.058281	
55.1664	0.403098	0.0713026	
55.1978	0.476714	0.084241	
55.2292	0.549932	0.0970837	
55.2606	0.622679	0.109818	
55.292	0.694883	0.122431	
55.3234	0.766473	0.134912	
55.3549	0.837378	0.147247	
55.3863	0.907525	0.159424	
55.4177	0.976846	0.171433	
55.4491	1.04527	0.18326	
55.4805	1.11273	0.194895	
55.5119	1.17916	0.206327	
55.5434	1.24449	0.217544	
55.5748	1.30866	0.228535	
55.6062	1.3716	0.23929	
55.6376	1.43325	0.249799	
55.669	1.49354	0.26005	
55.7004	1.55242	0.270036	
55.7319	1.60983	0.279745	
55.7633	1.6657	0.289169	
55.7947	1.71999	0.298299	
55.8261	1.77263	0.307125	
55.8575	1.82357	0.31564	
55.8889	1.87276	0.323835	
55.9203	1.92016	0.331703	
55.9518	1.9657	0.339236	
55.9832	2.00935	0.346427	
56.0146	2.05106	0.353269	
56.046	2.09079	0.359757	
56.0774	2.12849	0.365883	
56.1088	2.16413	0.371643	
56.1403	2.19767	0.37703	
56.1717	2.22907	0.38204	
56.2031	2.25831	0.386669	
56.2345	2.28534	0.390912	
56.2659	2.31014	0.394765	
56.2973	2.33269	0.398225	
56.3288	2.35296	0.40129	
56.3602	2.37093	0.403955	
56.3916	2.38657	0.40622	
56.423	2.39988	0.408081	
56.4544	2.41083	0.409539	
56.4858	2.41941	0.410591	
56.5173	2.42561	0.411238	
56.5487	2.42942	0.411478	
56.5801	2.43084	0.411313	
56.6115	2.42986	0.410742	
56.6429	2.42649	0.409766	
56.6743	2.42071	0.408388	
56.7057	2.41254	0.406608	
56.7372	2.40198	0.404429	
56.7686	2.38904	0.401854	
56.8	2.37373	0.398884	
56.8314	2.35606	0.395525	
56.8628	2.33604	0.391779	
56.8942	2.31371	0.38765	
56.9257	2.28906	0.383143	
56.9571	2.26214	0.378263	
56.9885	2.23295	0.373014	
57.0199	2.20153	0.367403	
57.0513	2.16791	0.361435	
57.0827	2.13212	0.355117	
57.1142	2.09418	0.348455	
57.1456	2.05414	0.341456	
57.177	2.01204	0.334127	
57.2084	1.9679	0.326475	
57.2398	1.92178	0.31851	
57.2712	1.87372	0.310238	
57.3027	1.82376	0.301669	
57.3341	1.77196	0.29281	
57.3655	1.71835	0.283672	
57.3969	1.66299	0.274263	
57.4283	1.60594	0.264592	
57.4597	1.54725	0.254671	
57.4911	1.48697	0.244508	
57.5226	1.42516	0.234114	
57.554	1.36189	0.223499	
57.5854	1.29721	0.212675	
57.6168	1.23118	0.201651	
57.6482	1.16388	0.19044	
57.6796	1.09536	0.179052	
57.7111	1.02569	0.167498	
57.7425	0.954944	0.155791	
57.7739	0.883183	0.143942	
57.8053	0.810479	0.131962	
57.8367	0.736903	0.119864	
57.8681	0.662528	0.10766	
57.8996	0.587425	0.0953618	
57.931	0.511669	0.0829817	
57.9624	0.435332	0.0705319	
57.9938	0.358491	0.0580249	
58.0252	0.28122	0.045473	
58.0566	0.203595	0.0328887	
58.088	0.125692	0.0202843	
58.1195	0.0475888	0.00767234	
58.1509	-0.0306386	-0.00493473	
58.1823	-0.108913	-0.0175245	
58.2137	-0.187157	-0.0300846	
58.2451	-0.265294	-0.0426026	
58.2765	-0.343246	-0.0550663	
58.308	-0.420936	-0.0674634	
58.3394	-0.498287	-0.0797818	
58.3708	-0.575223	-0.0920093	
58.4022	-0.651667	-0.104134	
58.4336	-0.727544	-0.116144	
58.465	-0.802777	-0.128028	
58.4965	-0.877292	-0.139774	
58.5279	-0.951015	-0.15137	
58.5593	-1.02387	-0.162806	
58.5907	-1.09579	-0.17407	
58.6221	-1.1667	-0.185151	
58.6535	-1.23652	-0.196039	
58.685	-1.3052	-0.206723	
58.7164	-1.37265	-0.217192	
58.7478	-1.43882	-0.227437	
58.7792	-1.50363	-0.237447	
58.8106	-1.56702	-0.247214	
58.842	-1.62893	-0.256727	
58.8734	-1.68929	-0.265978	
58.9049	-1.74805	-0.274957	
58.9363	-1.80513	-0.283656	
58.9677	-1.86049	-0.292067	
58.9991	-1.91407	-0.300182	
59.0305	-1.96581	-0.307993	
59.0619	-2.01567	-0.315493	
59.0934	-2.06358	-0.322673	
59.1248	-2.10951	-0.329529	
59.1562	-2.15339	-0.336053	
59.1876	-2.1952	-0.34224	
59.219	-2.23488	-0.348082	
59.2504	-2.27239	-0.353576	
59.2819	-2.3077	-0.358716	
59.3133	-2.34076	-0.363497	
59.3447	-2.37155	-0.367915	
59.3761	-2.40003	-0.371965	
59.4075	-2.42617	-0.375645	
59.4389	-2.44993	-0.378951	
59.4703	-2.47131	-0.381881	
59.5018	-2.49026	-0.38443	
59.5332	-2.50678	-0.386598	
59.5646	-2.52084	-0.388383	
59.596	-2.53242	-0.389783	
59.6274	-2.54152	-0.390798	
59.6588	-2.54812	-0.391426	
59.6903	-2.5522	-0.391667	
59.7217	-2.55378	-0.391522	
59.7531	-2.55283	-0.390992	
59.7845	-2.54937	-0.390076	
59.8159	-2.54338	-0.388776	
59.8473	-2.53488	-0.387095	
59.8788	-2.52387	-0.385033	
59.9102	-2.51036	-0.382594	
59.9416	-2.49435	-0.37978	
59.973	-2.47587	-0.376594	
60.0044	-2.45493	-0.373041	
60.0358	-2.43154	-0.369122	
60.0673	-2.40573	-0.364844	
60.0987	-2.37752	-0.36021	
60.1301	-2.34693	-0.355226	
60.1615	-2.314	-0.349896	
60.1929	-2.27876	-0.344227	
60.2243	-2.24122	-0.338224	
60.2557	-2.20144	-0.331893	
60.2872	-2.15945	-0.325241	
60.3186	-2.11529	-0.318275	
60.35	-2.06899	-0.311002	
60.3814	-2.02061	-0.30343	
60.4128	-1.97018	-0.295566	
60.4442	-1.91776	-0.287418	
60.4757	-1.8634	-0.278995	
60.5071	-1.80714	-0.270305	
60.5385	-1.74904	-0.261357	
60.5699	-1.68916	-0.252161	
60.6013	-1.62756	-0.242725	
60.6327	-1.56428	-0.233058	
60.6642	-1.4994	-0.223172	
60.6956	-1.43298	-0.213075	
60.727	-1.36508	-0.202778	
60.7584	-1.29576	-0.192291	
60.7898	-1.22509	-0.181625	
60.8212	-1.15315	-0.170791	
60.8526	-1.08	-0.159798	
60.8841	-1.0057	-0.148659	
60.9155	-0.930348	-0.137385	
60.9469	-0.853998	-0.125986	
60.9783	-0.77673	-0.114474	
61.0097	-0.698619	-0.102861	
61.0411	-0.619742	-0.0911571	
61.0726	-0.540175	-0.0793754	
61.104	-0.459997	-0.067527	
61.1354	-0.379285	-0.0556237	
61.1668	-0.298119	-0.0436773	
61.1982	-0.216579	-0.0316997	
61.2296	-0.134745	-0.0197025	
61.2611	-0.052697	-0.00769781	
61.2925	0.029484	0.00430267	
61.3239	0.111717	0.0162871	
61.3553	0.193921	0.0282436	
61.3867	0.276014	0.0401605	
61.4181	0.357917	0.052026	
61.4496	0.439547	0.0638286	
61.481	0.520823	0.0755566	
61.5124	0.601666	0.0871985	
61.5438	0.681995	0.0987429	
61.5752	0.76173	0.110179	
61.6066	0.840791	0.121494	
61.638	0.919101	0.132679	
61.6695	0.996582	0.143722	
61.7009	1.07315	0.154613	
61.7323	1.14874	0.16534	
61.7637	1.22327	0.175894	
61.7951	1.29667	0.186263	
61.8265	1.36886	0.196439	
61.858	1.43977	0.206411	
61.8894	1.50933	0.21617	
61.9208	1.57747	0.225706	
61.9522	1.64411	0.235011	
61.9836	1.7092	0.244074	
62.015	1.77267	0.252887	
62.0465	1.83445	0.261443	
62.0779	1.89449	0.269732	
62.1093	1.95271	0.277748	
62.1407	2.00906	0.285481	
62.1721	2.06348	0.292926	
62.2035	2.11592	0.300074	
62.235	2.16633	0.306919	
62.2664	2.21465	0.313455	
62.2978	2.26082	0.319676	
62.3292	2.30482	0.325575	
62.3606	2.34658	0.331147	
62.392	2.38606	0.336387	
62.4234	2.42323	0.341291	
62.4549	2.45805	0.345853	
62.4863	2.49047	0.35007	
62.5177	2.52047	0.353937	
62.5491	2.54801	0.357451	
62.5805	2.57306	0.36061	
62.6119	2.5956	0.36341	
62.6434	2.6156	0.365849	
62.6748	2.63304	0.367924	
62.7062	2.64789	0.369635	
62.7376	2.66015	0.37098	
62.769	2.66979	0.371958	
62.8004	2.67681	0.372568	
